[teaser2.jpg]
filters=Orton=1,0.000000,65.497078,0.000000;HDR=1,56.988300,1.000000,52.631580;
moddate=3b2fe19dc95ed301
width=180
height=160
textactive=0
[teaser5.jpg]
filters=finetune2=1,0.140351,0.432281,0.000000,00000000,0.824561;warm=1;glow2=1,0.650000,3.000000;Orton=1,25.000000,50.000000,0.000000;
moddate=2268e3a7ca5ed301
width=181
height=160
textactive=0
